{
 "cells": [
  {
   "cell_type": "markdown",
   "id": "516063a2",
   "metadata": {},
   "source": [
    "## Project 2 Example\n",
    "Zhaoyang Jia, 02/25/22"
   ]
  },
  {
   "cell_type": "code",
   "execution_count": 1,
   "id": "187d230f",
   "metadata": {},
   "outputs": [
    {
     "name": "stdout",
     "output_type": "stream",
     "text": [
      "Collecting package metadata (current_repodata.json): done\n",
      "Solving environment: \\ \n",
      "The environment is inconsistent, please check the package plan carefully\n",
      "The following packages are causing the inconsistency:\n",
      "\n",
      "  - defaults/osx-64::anaconda==2021.11=py39_0\n",
      "done\n",
      "\n",
      "## Package Plan ##\n",
      "\n",
      "  environment location: /Users/zhaoyangjia/opt/anaconda3\n",
      "\n",
      "  added / updated specs:\n",
      "    - pubchempy\n",
      "\n",
      "\n",
      "The following packages will be downloaded:\n",
      "\n",
      "    package                    |            build\n",
      "    ---------------------------|-----------------\n",
      "    _anaconda_depends-2021.11  |           py39_0           7 KB\n",
      "    anaconda-custom            |           py39_1           4 KB\n",
      "    ca-certificates-2021.10.8  |       h033912b_0         139 KB  conda-forge\n",
      "    certifi-2021.10.8          |   py39h6e9494a_1         145 KB  conda-forge\n",
      "    conda-4.11.0               |   py39h6e9494a_0        16.9 MB  conda-forge\n",
      "    openssl-1.1.1l             |       h0d85af4_0         1.9 MB  conda-forge\n",
      "    pubchempy-1.0.4            |     pyh864c0ab_2          18 KB  bioconda\n",
      "    python_abi-3.9             |           2_cp39           4 KB  conda-forge\n",
      "    xlrd-2.0.1                 |     pyhd8ed1ab_3          92 KB  conda-forge\n",
      "    ------------------------------------------------------------\n",
      "                                           Total:        19.2 MB\n",
      "\n",
      "The following NEW packages will be INSTALLED:\n",
      "\n",
      "  _anaconda_depends  pkgs/main/osx-64::_anaconda_depends-2021.11-py39_0\n",
      "  pubchempy          bioconda/noarch::pubchempy-1.0.4-pyh864c0ab_2\n",
      "  python_abi         conda-forge/osx-64::python_abi-3.9-2_cp39\n",
      "  xlrd               conda-forge/noarch::xlrd-2.0.1-pyhd8ed1ab_3\n",
      "\n",
      "The following packages will be UPDATED:\n",
      "\n",
      "  certifi            pkgs/main::certifi-2021.10.8-py39hecd~ --> conda-forge::certifi-2021.10.8-py39h6e9494a_1\n",
      "\n",
      "The following packages will be SUPERSEDED by a higher-priority channel:\n",
      "\n",
      "  ca-certificates    pkgs/main::ca-certificates-2021.10.26~ --> conda-forge::ca-certificates-2021.10.8-h033912b_0\n",
      "  conda              pkgs/main::conda-4.11.0-py39hecd8cb5_0 --> conda-forge::conda-4.11.0-py39h6e9494a_0\n",
      "  openssl              pkgs/main::openssl-1.1.1l-h9ed2024_0 --> conda-forge::openssl-1.1.1l-h0d85af4_0\n",
      "\n",
      "The following packages will be DOWNGRADED:\n",
      "\n",
      "  anaconda                                   2021.11-py39_0 --> custom-py39_1\n",
      "\n",
      "\n",
      "\n",
      "Downloading and Extracting Packages\n",
      "certifi-2021.10.8    | 145 KB    | ##################################### | 100% \n",
      "xlrd-2.0.1           | 92 KB     | ##################################### | 100% \n",
      "python_abi-3.9       | 4 KB      | ##################################### | 100% \n",
      "openssl-1.1.1l       | 1.9 MB    | ##################################### | 100% \n",
      "pubchempy-1.0.4      | 18 KB     | ##################################### | 100% \n",
      "conda-4.11.0         | 16.9 MB   | ##################################### | 100% \n",
      "ca-certificates-2021 | 139 KB    | ##################################### | 100% \n",
      "anaconda-custom      | 4 KB      | ##################################### | 100% \n",
      "_anaconda_depends-20 | 7 KB      | ##################################### | 100% \n",
      "Preparing transaction: done\n",
      "Verifying transaction: done\n",
      "Executing transaction: done\n",
      "\n",
      "Note: you may need to restart the kernel to use updated packages.\n"
     ]
    }
   ],
   "source": [
    "conda install -c bioconda pubchempy"
   ]
  },
  {
   "cell_type": "code",
   "execution_count": 5,
   "id": "d4a3cc2b",
   "metadata": {},
   "outputs": [
    {
     "name": "stdout",
     "output_type": "stream",
     "text": [
      "Collecting package metadata (current_repodata.json): done\n",
      "Solving environment: \\ \n",
      "The environment is inconsistent, please check the package plan carefully\n",
      "The following packages are causing the inconsistency:\n",
      "\n",
      "  - conda-forge/osx-64::cairo==1.16.0=hec6a9b0_1003\n",
      "  - conda-forge/osx-64::fontconfig==2.13.96=h10f422b_0\n",
      "  - conda-forge/osx-64::openbabel==3.1.1=py39hb4f85b1_2\n",
      "  - conda-forge/osx-64::pycairo==1.20.1=py39hbe14034_1\n",
      "  - conda-forge/osx-64::rdkit==2020.09.3=py39h30cc4fc_0\n",
      "  - conda-forge/noarch::mols2grid==0.2.1=pyhd8ed1ab_0\n",
      "done\n",
      "\n",
      "## Package Plan ##\n",
      "\n",
      "  environment location: /Users/zhaoyangjia/opt/anaconda3\n",
      "\n",
      "  added / updated specs:\n",
      "    - rdkit\n",
      "\n",
      "\n",
      "The following packages will be downloaded:\n",
      "\n",
      "    package                    |            build\n",
      "    ---------------------------|-----------------\n",
      "    fontconfig-2.13.1          |       ha9ee91d_0         211 KB\n",
      "    openbabel-3.1.1            |   py39hd5b7f93_1         5.2 MB  conda-forge\n",
      "    ------------------------------------------------------------\n",
      "                                           Total:         5.4 MB\n",
      "\n",
      "The following packages will be SUPERSEDED by a higher-priority channel:\n",
      "\n",
      "  fontconfig         conda-forge::fontconfig-2.13.96-h10f4~ --> pkgs/main::fontconfig-2.13.1-ha9ee91d_0\n",
      "\n",
      "The following packages will be DOWNGRADED:\n",
      "\n",
      "  openbabel                            3.1.1-py39hb4f85b1_2 --> 3.1.1-py39hd5b7f93_1\n",
      "\n",
      "\n",
      "\n",
      "Downloading and Extracting Packages\n",
      "fontconfig-2.13.1    | 211 KB    | ##################################### | 100% \n",
      "openbabel-3.1.1      | 5.2 MB    | ##################################### | 100% \n",
      "Preparing transaction: done\n",
      "Verifying transaction: done\n",
      "Executing transaction: done\n",
      "\n",
      "Note: you may need to restart the kernel to use updated packages.\n"
     ]
    }
   ],
   "source": [
    "conda install -c rdkit rdkit"
   ]
  },
  {
   "cell_type": "code",
   "execution_count": 3,
   "id": "d1cdf13e",
   "metadata": {},
   "outputs": [
    {
     "name": "stdout",
     "output_type": "stream",
     "text": [
      "Collecting package metadata (current_repodata.json): done\n",
      "Solving environment: done\n",
      "\n",
      "## Package Plan ##\n",
      "\n",
      "  environment location: /Users/zhaoyangjia/opt/anaconda3\n",
      "\n",
      "  added / updated specs:\n",
      "    - nglview\n",
      "\n",
      "\n",
      "The following packages will be downloaded:\n",
      "\n",
      "    package                    |            build\n",
      "    ---------------------------|-----------------\n",
      "    nglview-3.0.3              |     pyh8a188c0_0         6.3 MB  conda-forge\n",
      "    ------------------------------------------------------------\n",
      "                                           Total:         6.3 MB\n",
      "\n",
      "The following NEW packages will be INSTALLED:\n",
      "\n",
      "  nglview            conda-forge/noarch::nglview-3.0.3-pyh8a188c0_0\n",
      "\n",
      "\n",
      "\n",
      "Downloading and Extracting Packages\n",
      "nglview-3.0.3        | 6.3 MB    | ##################################### | 100% \n",
      "Preparing transaction: done\n",
      "Verifying transaction: done\n",
      "Executing transaction: done\n",
      "\n",
      "Note: you may need to restart the kernel to use updated packages.\n"
     ]
    }
   ],
   "source": [
    "conda install -c conda-forge nglview"
   ]
  },
  {
   "cell_type": "code",
   "execution_count": 4,
   "id": "44960031",
   "metadata": {},
   "outputs": [
    {
     "name": "stdout",
     "output_type": "stream",
     "text": [
      "Collecting package metadata (current_repodata.json): done\n",
      "Solving environment: failed with initial frozen solve. Retrying with flexible solve.\n",
      "Solving environment: done\n",
      "Collecting package metadata (repodata.json): done\n",
      "Solving environment: done\n",
      "\n",
      "## Package Plan ##\n",
      "\n",
      "  environment location: /Users/zhaoyangjia/opt/anaconda3\n",
      "\n",
      "  added / updated specs:\n",
      "    - mols2grid\n",
      "\n",
      "\n",
      "The following packages will be downloaded:\n",
      "\n",
      "    package                    |            build\n",
      "    ---------------------------|-----------------\n",
      "    boost-1.72.0               |   py39hb64e6f8_1         346 KB  conda-forge\n",
      "    boost-cpp-1.72.0           |       hdf9ef73_0        19.1 MB  conda-forge\n",
      "    cairo-1.16.0               |    hec6a9b0_1003         1.3 MB  conda-forge\n",
      "    fontconfig-2.13.1          |    h10f422b_1005         271 KB  conda-forge\n",
      "    gettext-0.19.8.1           |    h7937167_1005         3.3 MB  conda-forge\n",
      "    glib-2.68.4                |       he49afe7_0         429 KB  conda-forge\n",
      "    glib-tools-2.68.4          |       he49afe7_0          81 KB  conda-forge\n",
      "    icu-64.2                   |       h6de7cb9_1        12.3 MB  conda-forge\n",
      "    libglib-2.68.4             |       hd556434_0         2.8 MB  conda-forge\n",
      "    libxml2-2.9.10             |       h53d96d6_0         1.2 MB  conda-forge\n",
      "    libxslt-1.1.33             |       h320ff13_0         526 KB  conda-forge\n",
      "    lxml-4.6.3                 |   py39hf41e7f8_0         1.3 MB  conda-forge\n",
      "    mols2grid-0.2.1            |     pyhd8ed1ab_0          33 KB  conda-forge\n",
      "    pycairo-1.20.1             |   py39hbe14034_1          70 KB  conda-forge\n",
      "    qt-5.9.7                   |       h8cf7e54_3        76.8 MB  conda-forge\n",
      "    rdkit-2020.09.3            |   py39h30cc4fc_0        24.2 MB  conda-forge\n",
      "    reportlab-3.5.68           |   py39hf37cc50_1         2.4 MB  conda-forge\n",
      "    ------------------------------------------------------------\n",
      "                                           Total:       146.6 MB\n",
      "\n",
      "The following NEW packages will be INSTALLED:\n",
      "\n",
      "  boost              conda-forge/osx-64::boost-1.72.0-py39hb64e6f8_1\n",
      "  boost-cpp          conda-forge/osx-64::boost-cpp-1.72.0-hdf9ef73_0\n",
      "  cairo              conda-forge/osx-64::cairo-1.16.0-hec6a9b0_1003\n",
      "  fontconfig         conda-forge/osx-64::fontconfig-2.13.1-h10f422b_1005\n",
      "  gettext            conda-forge/osx-64::gettext-0.19.8.1-h7937167_1005\n",
      "  glib               conda-forge/osx-64::glib-2.68.4-he49afe7_0\n",
      "  glib-tools         conda-forge/osx-64::glib-tools-2.68.4-he49afe7_0\n",
      "  libglib            conda-forge/osx-64::libglib-2.68.4-hd556434_0\n",
      "  mols2grid          conda-forge/noarch::mols2grid-0.2.1-pyhd8ed1ab_0\n",
      "  pcre               conda-forge/osx-64::pcre-8.45-he49afe7_0\n",
      "  pixman             conda-forge/osx-64::pixman-0.38.0-h01d97ff_1003\n",
      "  pycairo            conda-forge/osx-64::pycairo-1.20.1-py39hbe14034_1\n",
      "  rdkit              conda-forge/osx-64::rdkit-2020.09.3-py39h30cc4fc_0\n",
      "  reportlab          conda-forge/osx-64::reportlab-3.5.68-py39hf37cc50_1\n",
      "\n",
      "The following packages will be UPDATED:\n",
      "\n",
      "  icu                        pkgs/main::icu-58.2-h0a44026_3 --> conda-forge::icu-64.2-h6de7cb9_1\n",
      "  qt                         pkgs/main::qt-5.9.7-h468cd18_1 --> conda-forge::qt-5.9.7-h8cf7e54_3\n",
      "\n",
      "The following packages will be SUPERSEDED by a higher-priority channel:\n",
      "\n",
      "  libxml2              pkgs/main::libxml2-2.9.12-hcdb78fc_0 --> conda-forge::libxml2-2.9.10-h53d96d6_0\n",
      "  libxslt              pkgs/main::libxslt-1.1.34-h83b36ba_0 --> conda-forge::libxslt-1.1.33-h320ff13_0\n",
      "  lxml                 pkgs/main::lxml-4.6.3-py39h26b266a_0 --> conda-forge::lxml-4.6.3-py39hf41e7f8_0\n",
      "\n",
      "\n",
      "\n",
      "Downloading and Extracting Packages\n",
      "boost-cpp-1.72.0     | 19.1 MB   | ##################################### | 100% \n",
      "libglib-2.68.4       | 2.8 MB    | ##################################### | 100% \n",
      "glib-tools-2.68.4    | 81 KB     | ##################################### | 100% \n",
      "boost-1.72.0         | 346 KB    | ##################################### | 100% \n",
      "qt-5.9.7             | 76.8 MB   | ##################################### | 100% \n",
      "reportlab-3.5.68     | 2.4 MB    | ##################################### | 100% \n",
      "fontconfig-2.13.1    | 271 KB    | ##################################### | 100% \n",
      "pycairo-1.20.1       | 70 KB     | ##################################### | 100% \n",
      "icu-64.2             | 12.3 MB   | ##################################### | 100% \n",
      "lxml-4.6.3           | 1.3 MB    | ##################################### | 100% \n",
      "glib-2.68.4          | 429 KB    | ##################################### | 100% \n",
      "libxslt-1.1.33       | 526 KB    | ##################################### | 100% \n",
      "cairo-1.16.0         | 1.3 MB    | ##################################### | 100% \n",
      "mols2grid-0.2.1      | 33 KB     | ##################################### | 100% \n",
      "gettext-0.19.8.1     | 3.3 MB    | ##################################### | 100% \n",
      "libxml2-2.9.10       | 1.2 MB    | ##################################### | 100% \n",
      "rdkit-2020.09.3      | 24.2 MB   | ##################################### | 100% \n",
      "Preparing transaction: done\n",
      "Verifying transaction: done\n",
      "Executing transaction: done\n",
      "\n",
      "Note: you may need to restart the kernel to use updated packages.\n"
     ]
    }
   ],
   "source": [
    "conda install -c conda-forge mols2grid"
   ]
  },
  {
   "cell_type": "code",
   "execution_count": 6,
   "id": "a0888620",
   "metadata": {},
   "outputs": [
    {
     "data": {
      "application/vnd.jupyter.widget-view+json": {
       "model_id": "d28d8cb1201e4bf0af950a12b8ceb449",
       "version_major": 2,
       "version_minor": 0
      },
      "text/plain": []
     },
     "metadata": {},
     "output_type": "display_data"
    }
   ],
   "source": [
    "# Correctly import all the packages needed (5 points)\n",
    "# Includes downloading packages as seen above. \n",
    "import pandas as pd\n",
    "import numpy as np\n",
    "import scipy as scip\n",
    "import os\n",
    "import pubchempy as pcp\n",
    "import mols2grid\n",
    "import nglview as ngl\n",
    "from IPython.display import Image\n",
    "from rdkit import Chem\n",
    "from rdkit import DataStructs\n",
    "import itertools\n",
    "import matplotlib.pyplot as plt\n",
    "import numpy as np\n",
    "from rdkit.Chem import rdMolAlign\n",
    "from rdkit.Chem.rdMolAlign import AlignMol\n",
    "from rdkit.Chem import rdmolfiles\n",
    "from rdkit.Chem import PandasTools\n",
    "from rdkit.Chem.rdmolfiles import ForwardSDMolSupplier"
   ]
  },
  {
   "cell_type": "code",
   "execution_count": 8,
   "id": "60ce1d70",
   "metadata": {},
   "outputs": [
    {
     "name": "stdout",
     "output_type": "stream",
     "text": [
      "        chembl_id         chembl_pref_name ID  \\\n",
      "0   CHEMBL3426917                     None      \n",
      "1   CHEMBL1289494                TIVOZANIB      \n",
      "2   CHEMBL2105756  TIVOZANIB HYDROCHLORIDE      \n",
      "3   CHEMBL1760433          [11C]-SORAFENIB      \n",
      "4      CHEMBL1336                SORAFENIB      \n",
      "5   CHEMBL4297490                  CM-4307      \n",
      "6   CHEMBL1200485       SORAFENIB TOSYLATE      \n",
      "7   CHEMBL2063878                     None      \n",
      "8   CHEMBL4517714                     None      \n",
      "9   CHEMBL2063879                     None      \n",
      "10   CHEMBL275117                     None      \n",
      "11  CHEMBL2153823                     None      \n",
      "12  CHEMBL3542310                     None      \n",
      "13   CHEMBL597365                     None      \n",
      "14  CHEMBL2153824                     None      \n",
      "15      CHEMBL535                SUNITINIB      \n",
      "16  CHEMBL3109278                     None      \n",
      "17     CHEMBL1567         SUNITINIB MALATE      \n",
      "18  CHEMBL3939307                     None      \n",
      "19  CHEMBL1289926                 AXITINIB      \n",
      "20  CHEMBL4171277                     None      \n",
      "21  CHEMBL1201733  PAZOPANIB HYDROCHLORIDE      \n",
      "22   CHEMBL477772                PAZOPANIB      \n",
      "23  CHEMBL4068768                     None      \n",
      "\n",
      "                                                ROMol  \n",
      "0   <img data-content=\"rdkit/molecule\" src=\"data:i...  \n",
      "1   <img data-content=\"rdkit/molecule\" src=\"data:i...  \n",
      "2   <img data-content=\"rdkit/molecule\" src=\"data:i...  \n",
      "3   <img data-content=\"rdkit/molecule\" src=\"data:i...  \n",
      "4   <img data-content=\"rdkit/molecule\" src=\"data:i...  \n",
      "5   <img data-content=\"rdkit/molecule\" src=\"data:i...  \n",
      "6   <img data-content=\"rdkit/molecule\" src=\"data:i...  \n",
      "7   <img data-content=\"rdkit/molecule\" src=\"data:i...  \n",
      "8   <img data-content=\"rdkit/molecule\" src=\"data:i...  \n",
      "9   <img data-content=\"rdkit/molecule\" src=\"data:i...  \n",
      "10  <img data-content=\"rdkit/molecule\" src=\"data:i...  \n",
      "11  <img data-content=\"rdkit/molecule\" src=\"data:i...  \n",
      "12  <img data-content=\"rdkit/molecule\" src=\"data:i...  \n",
      "13  <img data-content=\"rdkit/molecule\" src=\"data:i...  \n",
      "14  <img data-content=\"rdkit/molecule\" src=\"data:i...  \n",
      "15  <img data-content=\"rdkit/molecule\" src=\"data:i...  \n",
      "16  <img data-content=\"rdkit/molecule\" src=\"data:i...  \n",
      "17  <img data-content=\"rdkit/molecule\" src=\"data:i...  \n",
      "18  <img data-content=\"rdkit/molecule\" src=\"data:i...  \n",
      "19  <img data-content=\"rdkit/molecule\" src=\"data:i...  \n",
      "20  <img data-content=\"rdkit/molecule\" src=\"data:i...  \n",
      "21  <img data-content=\"rdkit/molecule\" src=\"data:i...  \n",
      "22  <img data-content=\"rdkit/molecule\" src=\"data:i...  \n",
      "23  <img data-content=\"rdkit/molecule\" src=\"data:i...  \n"
     ]
    }
   ],
   "source": [
    "# read in molecular data from the sdf that was saved from the PubChem website\n",
    "# Define the global variable m (10 points for labeling all global variables)\n",
    "m = Chem.SDMolSupplier('/Users/zhaoyangjia/Downloads/sorafenib_group.sdf')\n",
    "\n",
    "# Get the number of molecules in the sdf file\n",
    "# Define the global variable SDFFile\n",
    "SDFFile = \"/Users/zhaoyangjia/Downloads/sorafenib_group.sdf\"\n",
    "\n",
    "# use of built in rdkit function PandasTools.LoadSDF (similar to biopython)\n",
    "# Reads in an SDF file and returns a pandas dataframe of the data for\n",
    "# each compound.\n",
    "# define a global variable PI3KLigs\n",
    "PI3KLigs = PandasTools.LoadSDF(SDFFile)\n",
    "# define a global variable lig_len\n",
    "lig_len = len(PI3KLigs)\n",
    "\n",
    "# check that the file is loaded correctly by uncommenting the line below\n",
    "# this is a code check\n",
    "print(PI3KLigs)"
   ]
  },
  {
   "cell_type": "code",
   "execution_count": 9,
   "id": "425035a1",
   "metadata": {},
   "outputs": [
    {
     "name": "stdout",
     "output_type": "stream",
     "text": [
      "[[1.         0.94852941 0.94852941 0.40282392 0.40282392 0.41343042\n",
      "  0.39984289 0.37294564 0.36855506 0.37294564 0.36357745 0.39160839\n",
      "  0.3719474  0.38581207 0.39160839 0.36858771 0.3719474  0.3719474\n",
      "  0.31967213 0.32540862 0.34752268 0.36094276 0.36094276 0.35690236]\n",
      " [0.94852941 1.         1.         0.40893471 0.40893471 0.41618015\n",
      "  0.40210356 0.35828535 0.35373711 0.35828535 0.3484252  0.37443802\n",
      "  0.3556962  0.36809045 0.37443802 0.35384615 0.3556962  0.3556962\n",
      "  0.31350114 0.31638847 0.33950178 0.35161069 0.35161069 0.34565366]\n",
      " [0.94852941 1.         1.         0.40893471 0.40893471 0.41618015\n",
      "  0.40210356 0.35828535 0.35373711 0.35828535 0.3484252  0.37443802\n",
      "  0.3556962  0.36809045 0.37443802 0.35384615 0.3556962  0.3556962\n",
      "  0.31350114 0.31638847 0.33950178 0.35161069 0.35161069 0.34565366]\n",
      " [0.40282392 0.40893471 0.40893471 1.         1.         0.92704403\n",
      "  0.88795181 0.34132968 0.33910035 0.34132968 0.3368719  0.35950413\n",
      "  0.33603786 0.34043971 0.35950413 0.33837689 0.33603786 0.33603786\n",
      "  0.30209205 0.29455446 0.28443114 0.29648241 0.29648241 0.29589633]\n",
      " [0.40282392 0.40893471 0.40893471 1.         1.         0.92704403\n",
      "  0.88795181 0.34132968 0.33910035 0.34132968 0.3368719  0.35950413\n",
      "  0.33603786 0.34043971 0.35950413 0.33837689 0.33603786 0.33603786\n",
      "  0.30209205 0.29455446 0.28443114 0.29648241 0.29648241 0.29589633]\n",
      " [0.41343042 0.41618015 0.41618015 0.92704403 0.92704403 1.\n",
      "  0.83408578 0.35598923 0.35302105 0.35598923 0.35114504 0.37576168\n",
      "  0.35149502 0.35826772 0.37576168 0.35313977 0.35149502 0.35149502\n",
      "  0.31326282 0.3036859  0.29394602 0.30807018 0.30807018 0.30752991]\n",
      " [0.39984289 0.40210356 0.40210356 0.88795181 0.88795181 0.83408578\n",
      "  1.         0.36122178 0.35924933 0.36122178 0.35475051 0.37891928\n",
      "  0.35850295 0.36069813 0.37891928 0.35842771 0.35850295 0.35850295\n",
      "  0.32662912 0.31800159 0.32527473 0.33921016 0.33921016 0.34065156]\n",
      " [0.37294564 0.35828535 0.35828535 0.34132968 0.34132968 0.35598923\n",
      "  0.36122178 1.         0.91752577 1.         0.9442623  0.89\n",
      "  0.89008455 0.87312312 0.89       0.90809112 0.89008455 0.89008455\n",
      "  0.34233048 0.36164565 0.3873817  0.41296296 0.41296296 0.40665434]\n",
      " [0.36855506 0.35373711 0.35373711 0.33910035 0.33910035 0.35302105\n",
      "  0.35924933 0.91752577 1.         0.91752577 0.96160267 0.90532081\n",
      "  0.90241998 0.88347296 0.90532081 0.92252396 0.90241998 0.90241998\n",
      "  0.33930943 0.35785953 0.3778481  0.40807453 0.40807453 0.40434783]\n",
      " [0.37294564 0.35828535 0.35828535 0.34132968 0.34132968 0.35598923\n",
      "  0.36122178 1.         0.91752577 1.         0.9442623  0.89\n",
      "  0.89008455 0.87312312 0.89       0.90809112 0.89008455 0.89008455\n",
      "  0.34233048 0.36164565 0.3873817  0.41296296 0.41296296 0.40665434]\n",
      " [0.36357745 0.3484252  0.3484252  0.3368719  0.3368719  0.35114504\n",
      "  0.35475051 0.9442623  0.96160267 0.9442623  1.         0.93128537\n",
      "  0.92978208 0.90352941 0.93128537 0.9528536  0.92978208 0.92978208\n",
      "  0.33717775 0.35704514 0.37041801 0.39685535 0.39685535 0.39220616]\n",
      " [0.39160839 0.37443802 0.37443802 0.35950413 0.35950413 0.37576168\n",
      "  0.37891928 0.89       0.90532081 0.89       0.93128537 1.\n",
      "  0.87575758 0.86488493 1.         0.89172467 0.87575758 0.87575758\n",
      "  0.34908136 0.36929186 0.38327091 0.41126071 0.41126071 0.40500916]\n",
      " [0.3719474  0.3556962  0.3556962  0.33603786 0.33603786 0.35149502\n",
      "  0.35850295 0.89008455 0.90241998 0.89008455 0.92978208 0.87575758\n",
      "  1.         0.88738739 0.87575758 0.97578692 1.         1.\n",
      "  0.33984375 0.35536649 0.38365565 0.41075795 0.41075795 0.40451495]\n",
      " [0.38581207 0.36809045 0.36809045 0.34043971 0.34043971 0.35826772\n",
      "  0.36069813 0.87312312 0.88347296 0.87312312 0.90352941 0.86488493\n",
      "  0.88738739 1.         0.86488493 0.90490798 0.88738739 0.88738739\n",
      "  0.3431687  0.36111111 0.38964242 0.41802783 0.41802783 0.41183575]\n",
      " [0.39160839 0.37443802 0.37443802 0.35950413 0.35950413 0.37576168\n",
      "  0.37891928 0.89       0.90532081 0.89       0.93128537 1.\n",
      "  0.87575758 0.86488493 1.         0.89172467 0.87575758 0.87575758\n",
      "  0.34908136 0.36929186 0.38327091 0.41126071 0.41126071 0.40500916]\n",
      " [0.36858771 0.35384615 0.35384615 0.33837689 0.33837689 0.35313977\n",
      "  0.35842771 0.90809112 0.92252396 0.90809112 0.9528536  0.89172467\n",
      "  0.97578692 0.90490798 0.89172467 1.         0.97578692 0.97578692\n",
      "  0.33773087 0.35614618 0.37957125 0.40704138 0.40704138 0.40160395]\n",
      " [0.3719474  0.3556962  0.3556962  0.33603786 0.33603786 0.35149502\n",
      "  0.35850295 0.89008455 0.90241998 0.89008455 0.92978208 0.87575758\n",
      "  1.         0.88738739 0.87575758 0.97578692 1.         1.\n",
      "  0.33984375 0.35536649 0.38365565 0.41075795 0.41075795 0.40451495]\n",
      " [0.3719474  0.3556962  0.3556962  0.33603786 0.33603786 0.35149502\n",
      "  0.35850295 0.89008455 0.90241998 0.89008455 0.92978208 0.87575758\n",
      "  1.         0.88738739 0.87575758 0.97578692 1.         1.\n",
      "  0.33984375 0.35536649 0.38365565 0.41075795 0.41075795 0.40451495]\n",
      " [0.31967213 0.31350114 0.31350114 0.30209205 0.30209205 0.31326282\n",
      "  0.32662912 0.34233048 0.33930943 0.34233048 0.33717775 0.34908136\n",
      "  0.33984375 0.3431687  0.34908136 0.33773087 0.33984375 0.33984375\n",
      "  1.         0.71800208 0.36109008 0.40371747 0.40371747 0.39717892]\n",
      " [0.32540862 0.31638847 0.31638847 0.29455446 0.29455446 0.3036859\n",
      "  0.31800159 0.36164565 0.35785953 0.36164565 0.35704514 0.36929186\n",
      "  0.35536649 0.36111111 0.36929186 0.35614618 0.35536649 0.35536649\n",
      "  0.71800208 1.         0.36165414 0.40710585 0.40710585 0.39955687]\n",
      " [0.34752268 0.33950178 0.33950178 0.28443114 0.28443114 0.29394602\n",
      "  0.32527473 0.3873817  0.3778481  0.3873817  0.37041801 0.38327091\n",
      "  0.38365565 0.38964242 0.38327091 0.37957125 0.38365565 0.38365565\n",
      "  0.36109008 0.36165414 1.         0.91580917 0.91580917 0.81349911]\n",
      " [0.36094276 0.35161069 0.35161069 0.29648241 0.29648241 0.30807018\n",
      "  0.33921016 0.41296296 0.40807453 0.41296296 0.39685535 0.41126071\n",
      "  0.41075795 0.41802783 0.41126071 0.40704138 0.41075795 0.41075795\n",
      "  0.40371747 0.40710585 0.91580917 1.         1.         0.89342806]\n",
      " [0.36094276 0.35161069 0.35161069 0.29648241 0.29648241 0.30807018\n",
      "  0.33921016 0.41296296 0.40807453 0.41296296 0.39685535 0.41126071\n",
      "  0.41075795 0.41802783 0.41126071 0.40704138 0.41075795 0.41075795\n",
      "  0.40371747 0.40710585 0.91580917 1.         1.         0.89342806]\n",
      " [0.35690236 0.34565366 0.34565366 0.29589633 0.29589633 0.30752991\n",
      "  0.34065156 0.40665434 0.40434783 0.40665434 0.39220616 0.40500916\n",
      "  0.40451495 0.41183575 0.40500916 0.40160395 0.40451495 0.40451495\n",
      "  0.39717892 0.39955687 0.81349911 0.89342806 0.89342806 1.        ]]\n"
     ]
    }
   ],
   "source": [
    "# Save the molecules as fingerprints and save to the variable fps.\n",
    "# Write the conversion as a function [15 points]\n",
    "\n",
    "def Molecules2FingerPrints(molecules):\n",
    "   \n",
    "    # Create an RDKit similarity matrix, a function that reads in the \n",
    "    # molecules from the SDF Molecular Data type and turns these \n",
    "    # SMILES strings into molecular fingerprint.\n",
    "    # define a local variable fps\n",
    "    fps = [Chem.RDKFingerprint(x) for x in molecules]\n",
    "    # Check the data store in fps by uncommenting the line below\n",
    "    # print(fps) 10 points for code checks!\n",
    "    # Create an empty matrix the right size for us to populate\n",
    "    # Empty is a function that creates an empty numpy array.\n",
    "    # define a local variable fps_sim_matrix\n",
    "    fps_sim_matrix = np.empty(shape=(lig_len, lig_len))\n",
    "\n",
    "    # Run a for-loop over each pair of compounds in fps to compute their chemical similarities\n",
    "    # uses the range function to create an array of length lig_len\n",
    "    # with each cell starting from 0 counting up to the length you specify.\n",
    "    for i, j in itertools.product(range(lig_len), range(lig_len)):\n",
    "    \n",
    "        # To check that the for loop is correctly iterating over each of the compounds uncomment the line below\n",
    "        #print(DataStructs.FingerprintSimilarity(fps[i],fps[j])) - 10 points for code checks\n",
    "        fps_sim_matrix[i,j] = DataStructs.FingerprintSimilarity(fps[i],fps[j])\n",
    "\n",
    "    # To check that the for loop correctly created a matrix of similarity score print the matrix by uncommenting the line below\n",
    "    return(fps_sim_matrix)\n",
    "\n",
    "# Define a global variable Similarity Matrix based on the function defined\n",
    "# above. \n",
    "Similarity_Matrix = Molecules2FingerPrints(m)\n",
    "print(Similarity_Matrix)\n",
    "#[Code works correctly is 15 points, Code is commented well,succinct and includes code checks is 10 points]"
   ]
  },
  {
   "cell_type": "code",
   "execution_count": 11,
   "id": "00f14162",
   "metadata": {},
   "outputs": [
    {
     "data": {
      "text/html": [
       "<script>\n",
       "    function fit_height(obj) {\n",
       "        obj.style.height = 0;\n",
       "        var height = obj.contentDocument.body.scrollHeight + 18 + 'px';\n",
       "        obj.style.height = height;\n",
       "    }\n",
       "</script>\n",
       "<iframe class=\"mols2grid-iframe\" frameborder=\"0\" width=\"100%\"\n",
       "\n",
       "height=\"200\"\n",
       "\n",
       "\n",
       "allow=\"clipboard-write\"\n",
       "\n",
       "srcdoc=\"&lt;html&gt;\n",
       "  &lt;meta charset=&quot;utf-8&quot;&gt;\n",
       "  &lt;head&gt;\n",
       "    &lt;style&gt;\n",
       "    #mols2grid.gridcontainer {\n",
       "    display: block;\n",
       "    padding-left: 1em;\n",
       "    max-width: 820px;\n",
       "    width: 820px;\n",
       "}\n",
       "#mols2grid .cell {\n",
       "    border: 1px solid #cccccc;\n",
       "    text-align: center;\n",
       "    vertical-align: top;\n",
       "    max-width: 160px;\n",
       "    width: 160px;\n",
       "    font-family: &#x27;DejaVu&#x27;, sans-serif;\n",
       "    font-size: 12pt;\n",
       "    padding: 0;\n",
       "    margin: 0px;\n",
       "    float: left;\n",
       "}\n",
       "#mols2grid .cell:hover {\n",
       "    background-color: #e7e7e7 !important;\n",
       "}\n",
       "#mols2grid .cell .data-img {\n",
       "    padding: 0;\n",
       "    margin: 0;\n",
       "}\n",
       "#mols2grid .cell img, #mols2grid .cell svg {\n",
       "    max-width: 100%;\n",
       "    height: auto;\n",
       "    padding: 0;\n",
       "}\n",
       "#mols2grid .data {\n",
       "    overflow: hidden;\n",
       "    white-space: nowrap;\n",
       "    text-overflow: ellipsis;\n",
       "    display: block;\n",
       "}\n",
       "#mols2grid .arrow-asc:after {\n",
       "    content: &#x27;↑&#x27;;\n",
       "    text-align: right;\n",
       "    float:right;\n",
       "}\n",
       "#mols2grid .arrow-desc:after {\n",
       "    content: &#x27;↓&#x27;;\n",
       "    text-align: right;\n",
       "    float:right;\n",
       "}\n",
       "    /* custom CSS */\n",
       "    \n",
       "    &lt;/style&gt;\n",
       "    &lt;script src=&quot;https://cdnjs.cloudflare.com/ajax/libs/list.js/2.3.1/list.min.js&quot;&gt;&lt;/script&gt;\n",
       "&lt;link rel=&quot;stylesheet&quot; href=&quot;https://cdn.jsdelivr.net/npm/bootstrap@4.6.0/dist/css/bootstrap.min.css&quot; integrity=&quot;sha384-B0vP5xmATw1+K9KRQjQERJvTumQW0nPEzvF6L/Z6nronJ3oUOFUFpCjEUQouq2+l&quot; crossorigin=&quot;anonymous&quot;&gt;\n",
       "&lt;script src=&quot;https://code.jquery.com/jquery-3.5.1.slim.min.js&quot; integrity=&quot;sha384-DfXdz2htPH0lsSSs5nCTpuj/zy4C+OGpamoFVy38MVBnE+IbbVYUew+OrCXaRkfj&quot; crossorigin=&quot;anonymous&quot;&gt;&lt;/script&gt;\n",
       "&lt;script src=&quot;https://cdn.jsdelivr.net/npm/bootstrap@4.6.0/dist/js/bootstrap.bundle.min.js&quot; integrity=&quot;sha384-Piv4xVNRyMGpqkS2by6br4gNJ7DXjqk09RmUpJ8jgGtD7zP9yug3goQfGII0yAns&quot; crossorigin=&quot;anonymous&quot;&gt;&lt;/script&gt;\n",
       "&lt;script src=&quot;https://unpkg.com/@rdkit/rdkit@2021.9.4/Code/MinimalLib/dist/RDKit_minimal.js&quot;&gt;&lt;/script&gt;\n",
       "    &lt;!-- custom header --&gt;\n",
       "    \n",
       "  &lt;/head&gt;\n",
       "  &lt;body&gt;\n",
       "    &lt;div id=&quot;mols2grid&quot; class=&quot;gridcontainer grid-default&quot;&gt;\n",
       "      &lt;div class=&quot;row mb-3&quot;&gt;\n",
       "        &lt;div class=&quot;list&quot;&gt;&lt;div class=&quot;cell&quot; data-mols2grid-id=&quot;0&quot;&gt;&lt;input type=&quot;checkbox&quot; class=&quot;position-relative float-left cached_checkbox&quot;&gt;&lt;div class=&quot;data data-img&quot;&gt;&lt;/div&gt;&lt;div class=&quot;data data-_Name&quot;&gt;&lt;/div&gt;&lt;div class=&quot;data data-_MolFileInfo&quot;&gt;&lt;/div&gt;&lt;div class=&quot;data data-_MolFileComments&quot;&gt;&lt;/div&gt;&lt;div class=&quot;data data-chembl_id&quot;&gt;&lt;/div&gt;&lt;div class=&quot;data data-chembl_pref_name&quot;&gt;&lt;/div&gt;&lt;div class=&quot;data data-mols2grid-id-copy&quot;&gt;&lt;/div&gt;&lt;div class=&quot;data data-SMILES&quot;&gt;&lt;/div&gt;&lt;/div&gt;&lt;/div&gt;\n",
       "      &lt;/div&gt;\n",
       "      &lt;div class=&quot;d-inline&quot;&gt;\n",
       "        &lt;ul class=&quot;pagination float-left&quot;&gt;&lt;/ul&gt;\n",
       "        &lt;div id=&quot;controls&quot; class=&quot;d-flex flex-row float-right&quot;&gt;\n",
       "          \n",
       "          &lt;div id=&quot;chkbox-dropdown&quot; class=&quot;dropdown&quot;&gt;\n",
       "    &lt;button class=&quot;btn btn-light dropdown-toggle&quot; type=&quot;button&quot; id=&quot;chkboxDropdown&quot; data-toggle=&quot;dropdown&quot; aria-haspopup=&quot;true&quot; aria-expanded=&quot;false&quot;&gt;☑&lt;/button&gt;\n",
       "    &lt;div class=&quot;dropdown-menu&quot; aria-labelledby=&quot;checkboxDropdownMenu&quot;&gt;\n",
       "        &lt;button id=&quot;btn-chkbox-all&quot; class=&quot;dropdown-item&quot; type=&quot;button&quot;&gt;Check all&lt;/button&gt;\n",
       "        &lt;button id=&quot;btn-chkbox-none&quot; class=&quot;dropdown-item&quot; type=&quot;button&quot;&gt;Uncheck all&lt;/button&gt;\n",
       "        &lt;button id=&quot;btn-chkbox-invert&quot; class=&quot;dropdown-item&quot; type=&quot;button&quot;&gt;Invert&lt;/button&gt;\n",
       "        &lt;div class=&quot;dropdown-divider&quot;&gt;&lt;/div&gt;\n",
       "        &lt;button id=&quot;btn-chkbox-copy&quot; class=&quot;dropdown-item&quot; type=&quot;button&quot;&gt;Copy to clipboard&lt;/button&gt;\n",
       "        &lt;button id=&quot;btn-chkbox-dlsmi&quot; class=&quot;dropdown-item&quot; type=&quot;button&quot;&gt;Save SMILES&lt;/button&gt;\n",
       "        &lt;button id=&quot;btn-chkbox-dlcsv&quot; class=&quot;dropdown-item&quot; type=&quot;button&quot;&gt;Save CSV&lt;/button&gt;\n",
       "    &lt;/div&gt;\n",
       "&lt;/div&gt;\n",
       "          \n",
       "          &lt;div id=&quot;sort-dropdown&quot; class=&quot;dropdown pl-2&quot;&gt;\n",
       "            &lt;button class=&quot;btn btn-light dropdown-toggle&quot; type=&quot;button&quot; id=&quot;sortDropdown&quot; data-toggle=&quot;dropdown&quot; aria-haspopup=&quot;true&quot; aria-expanded=&quot;false&quot;&gt;\n",
       "              Sort by\n",
       "            &lt;/button&gt;\n",
       "            &lt;div class=&quot;dropdown-menu&quot; aria-labelledby=&quot;sortDropdownMenu&quot;&gt;\n",
       "              \n",
       "              \n",
       "              \n",
       "              \n",
       "              \n",
       "              &lt;button class=&quot;dropdown-item sort-btn arrow-asc active&quot; type=&quot;button&quot; data-name=&quot;mols2grid-id&quot;&gt;Index&lt;/button&gt;\n",
       "              \n",
       "              \n",
       "              \n",
       "              \n",
       "              \n",
       "              &lt;button class=&quot;dropdown-item sort-btn &quot; type=&quot;button&quot; data-name=&quot;data-_Name&quot;&gt;_Name&lt;/button&gt;\n",
       "              \n",
       "              \n",
       "              \n",
       "              \n",
       "              \n",
       "              &lt;button class=&quot;dropdown-item sort-btn &quot; type=&quot;button&quot; data-name=&quot;data-_MolFileInfo&quot;&gt;_MolFileInfo&lt;/button&gt;\n",
       "              \n",
       "              \n",
       "              \n",
       "              \n",
       "              \n",
       "              &lt;button class=&quot;dropdown-item sort-btn &quot; type=&quot;button&quot; data-name=&quot;data-_MolFileComments&quot;&gt;_MolFileComments&lt;/button&gt;\n",
       "              \n",
       "              \n",
       "              \n",
       "              \n",
       "              \n",
       "              &lt;button class=&quot;dropdown-item sort-btn &quot; type=&quot;button&quot; data-name=&quot;data-chembl_id&quot;&gt;chembl_id&lt;/button&gt;\n",
       "              \n",
       "              \n",
       "              \n",
       "              \n",
       "              \n",
       "              &lt;button class=&quot;dropdown-item sort-btn &quot; type=&quot;button&quot; data-name=&quot;data-chembl_pref_name&quot;&gt;chembl_pref_name&lt;/button&gt;\n",
       "              \n",
       "              \n",
       "              \n",
       "              \n",
       "              \n",
       "              &lt;button class=&quot;dropdown-item sort-btn arrow-asc active&quot; type=&quot;button&quot; data-name=&quot;data-mols2grid-id&quot;&gt;mols2grid-id&lt;/button&gt;\n",
       "              \n",
       "              \n",
       "              \n",
       "              \n",
       "              \n",
       "              &lt;button class=&quot;dropdown-item sort-btn &quot; type=&quot;button&quot; data-name=&quot;data-SMILES&quot;&gt;SMILES&lt;/button&gt;\n",
       "              \n",
       "              \n",
       "              \n",
       "              &lt;button class=&quot;dropdown-item sort-btn&quot; type=&quot;button&quot; data-name=&quot;checkbox&quot;&gt;Selected&lt;/button&gt;\n",
       "              \n",
       "            &lt;/div&gt;\n",
       "          &lt;/div&gt;\n",
